0.000000000000000000e+00 -8.888753577721634429e+03
1.000000000000000000e+00 -7.602463022037620249e+03
2.000000000000000000e+00 -1.574999037096724351e+03
3.000000000000000000e+00 -1.110514152049576069e+03
4.000000000000000000e+00 -1.896388232731747621e+03
5.000000000000000000e+00 -4.012745842373787127e+03
6.000000000000000000e+00 -9.205402631778149953e+03
7.000000000000000000e+00 -6.190569918374414556e+03
8.000000000000000000e+00 -5.164790988334340000e+03
9.000000000000000000e+00 -9.691357183476378850e+03
1.000000000000000000e+01 -1.294198081264327448e+04
1.100000000000000000e+01 -9.843284783832354151e+03
1.200000000000000000e+01 -9.231267319615761153e+03
1.300000000000000000e+01 -1.191577761764867500e+04
1.400000000000000000e+01 -1.431712157481261056e+04
1.500000000000000000e+01 -2.270782354365013816e+04
1.600000000000000000e+01 -2.788636749874384259e+04
1.700000000000000000e+01 -3.163914760441097678e+04
1.800000000000000000e+01 -3.192085175658589287e+04
1.900000000000000000e+01 -3.805828025207563769e+04
2.000000000000000000e+01 -4.351818058364550234e+04
2.100000000000000000e+01 -4.408392345722533355e+04
2.200000000000000000e+01 -5.677986536288542993e+04
2.300000000000000000e+01 -6.382955535404468537e+04
2.400000000000000000e+01 -7.006416108874588099e+04
2.500000000000000000e+01 -7.661727301294136851e+04
2.600000000000000000e+01 -8.996861766529890883e+04
2.700000000000000000e+01 -1.006916012491314323e+05
2.800000000000000000e+01 -1.146782993747816945e+05
2.900000000000000000e+01 -1.202690471746389812e+05
3.000000000000000000e+01 -1.334279573295221489e+05
3.100000000000000000e+01 -1.506375458998079994e+05
3.200000000000000000e+01 -1.632834290721548023e+05
3.300000000000000000e+01 -1.753794951859723951e+05
3.400000000000000000e+01 -1.899246659844808164e+05
3.500000000000000000e+01 -2.115470401995021966e+05
3.600000000000000000e+01 -2.319535014768794354e+05
3.700000000000000000e+01 -2.455887732079082343e+05
3.800000000000000000e+01 -2.714026775661610882e+05
3.900000000000000000e+01 -2.931849796935685445e+05
